function [V1,V2,R1,R2,R3] = VR()

V1 = 9;
V2 = 5;
R1 = 150;
R2 = 200;
R3 = 50;